Test Loss:  0.14,  Test Acc: 98.38%
Precision, Recall and F1-Score...
              precision    recall  f1-score   support

          日期     1.0000    1.0000    1.0000        11
          时间     1.0000    1.0000    1.0000        11
          年份     1.0000    1.0000    1.0000        11
          月份     1.0000    1.0000    1.0000        11
          国家     0.9167    1.0000    0.9565        11
          省市     0.8462    1.0000    0.9167        11
          地点     1.0000    1.0000    1.0000        11
          姓名     1.0000    1.0000    1.0000        11
          性别     1.0000    1.0000    1.0000        11
        身份证号     1.0000    0.9091    0.9524        11
         手机号     1.0000    1.0000    1.0000        11
      座机号/传真     1.0000    1.0000    1.0000        11
        政治面貌     1.0000    1.0000    1.0000        11
          民族     1.0000    1.0000    1.0000        11
          学历     1.0000    1.0000    1.0000        11
          专业     1.0000    1.0000    1.0000        11
          公司     1.0000    1.0000    1.0000        11
          职位     1.0000    1.0000    1.0000        11
        uuid     1.0000    1.0000    1.0000        11
          邮箱     1.0000    1.0000    1.0000        11
         哈希值     1.0000    1.0000    1.0000        11
          域名     1.0000    1.0000    1.0000        11
      ipv4地址     1.0000    1.0000    1.0000        11
      ipv6地址     1.0000    1.0000    1.0000        11
       mac地址     1.0000    1.0000    1.0000        11
         url     1.0000    1.0000    1.0000        11
         用户名     1.0000    0.9091    0.9524        11
         车牌号     1.0000    1.0000    1.0000        11
        信用卡号     1.0000    0.9091    0.9524        11
        银行名称     1.0000    1.0000    1.0000        11
      组织机构代码     1.0000    1.0000    1.0000        11
    统一社会信用代码     1.0000    1.0000    1.0000        11
        机关单位     1.0000    1.0000    1.0000        11
          医院     1.0000    0.9091    0.9524        11
          学校     1.0000    1.0000    1.0000        11
      港澳通行证号     1.0000    1.0000    1.0000        11
      台湾通行证号     1.0000    1.0000    1.0000        11
      永久居住证号     1.0000    1.0000    1.0000        11
        中国护照     1.0000    1.0000    1.0000        11
      税务登记证号     1.0000    1.0000    1.0000        11
    医师资格证书编号     1.0000    1.0000    1.0000        11
    医师执业证书编号     0.8462    1.0000    0.9167        11
        营业执照     1.0000    1.0000    1.0000        11
      车辆识别代号     1.0000    1.0000    1.0000        11
        公积金号     1.0000    1.0000    1.0000        11
      开户许可证号     1.0000    1.0000    1.0000        11
        银行卡号     1.0000    1.0000    1.0000        11
        军官证号     1.0000    1.0000    1.0000        11
  道路运输经营许可证号     1.0000    1.0000    1.0000        11
       军密认证号     1.0000    1.0000    1.0000        11
        药品名称     1.0000    0.9091    0.9524        11
        药品分类     1.0000    1.0000    1.0000        11
        药品规格     1.0000    1.0000    1.0000        11
        药品用途     1.0000    1.0000    1.0000        11
        药品用法     1.0000    1.0000    1.0000        11
        药品用量     1.0000    1.0000    1.0000        11
        手术类型     1.0000    1.0000    1.0000        11
        手术名称     0.9091    0.9091    0.9091        11
        科室名称     1.0000    1.0000    1.0000        11
        科室介绍     1.0000    1.0000    1.0000        11
        医疗设备     1.0000    0.9091    0.9524        11
        医生职称     1.0000    1.0000    1.0000        11
        检查指标     1.0000    0.8182    0.9000        11
        项目名称     0.7500    0.8182    0.7826        11
        项目描述     1.0000    1.0000    1.0000        11
        耗材名称     1.0000    1.0000    1.0000        11
        疾病名称     1.0000    0.7273    0.8421        11
        手术部位     1.0000    1.0000    1.0000        11
      手术器械名称     0.9167    1.0000    0.9565        11
        付费方式     1.0000    1.0000    1.0000        11
        状况状态     1.0000    1.0000    1.0000        11
        婚姻状况     1.0000    1.0000    1.0000        11
        就业状态     1.0000    1.0000    1.0000        11
        宗教信仰     1.0000    1.0000    1.0000        11
        麻醉方式     1.0000    1.0000    1.0000        11
        麻醉效果     0.9167    1.0000    0.9565        11
          血型     1.0000    1.0000    1.0000        11
        药物状态     1.0000    1.0000    1.0000        11
        分娩方式     1.0000    1.0000    1.0000        11
        乳房检查     0.9167    1.0000    0.9565        11
         胎方位     1.0000    1.0000    1.0000        11
      检查检验结果     1.0000    1.0000    1.0000        11
        病症描述     0.7692    0.9091    0.8333        11
        医嘱内容     1.0000    1.0000    1.0000        11

    accuracy                         0.9838       924
   macro avg     0.9856    0.9838    0.9838       924
weighted avg     0.9856    0.9838    0.9838       924

Confusion Matrix...
[[11  0  0 ...  0  0  0]
 [ 0 11  0 ...  0  0  0]
 [ 0  0 11 ...  0  0  0]
 ...
 [ 0  0  0 ... 11  0  0]
 [ 0  0  0 ...  0 10  0]
 [ 0  0  0 ...  0  0 11]]
Time usage:0:00:11